32668026
32667960
32667908
32667876
32667824
32667776
32667646
32667550
32667468
32667394
32667324
32667268
32573210
32573164
32573126
32573104
32573060
32572936
32572850
32572802
32572780
32572740
32572698
32572638
32572594
32572548
32572504
32572384
32572290
32572228
32572200
32572164
32572116
32572024
32571948
32571868
32571738
32571690
32571640
32571500
32571382
32571316
32570966
32570872
32570804
32570698
32570516
32570350
32570204
32570114
32569876
32569644
32569574
32569402
32569290
32569168
32568894
32568736
32568632
32568460
32568286
32487876
32487804
32487714
32487622
32487550
32487474
32487420
32487372
32487314
32393104
32392832
32392508
32392338
32392116
32391796
32391466
32360098
32359878
32359876
32359676
32359398
32359240
32358972
32358488
32358230
32357628
32357214
32357058
32324406
32324326
32324228
32324068
32323860
32323002
32322936
32322804
32322662
32322532
32322384
32322204
32322046
32321826
32321662
32321498
32321376
32119302
32119160
32118810
32090806
32090618
32090580
32090330
32090012
31810004
31809790
31809694
31809408
31808872
31788852
31788810
31788732
31788698
31788596
31788594
31788552
31788524
31788486
31788354
31788236
31788076
31787916
31787686
31787372
31787126
28062244
28062098
28061960
28061822
28061580
28061488
28061444
28061372
28061300
28061220
